39
2 100 682
25554 25555

1 100 333
26540

2 200 334
26541 26542

2 100 845
85557 85558

2 100 846
85559 85560

2 300 847
85556 85556

2 300 848
85555 85555

1 100 849
85557

1 100 950
85559

1 100 899
86666

1 100 900
86666	

1 100 987
25471

1 100 935
48954

1 100 427
23641

1 100 483
23042

1 100 491
23041

1 100 482
23330

1 100 490
23331

1 100 495
40011

1 100 496
40012

3 200 520
22300 22301 22302

3 200 521
22303 22304 22305

1 200 522
22300

1 200 523
22303

2 100 531
22222 22223

2 100 532
22220 22221

1 100 533
22222

1 100 534
22220

3 100 550
60000 60001 60003

3 100 551
60010 60011 60013

1 100 552
60002

1 100 553
60012

1 100 554
60003

1 100 555
60013

2 100 476
40001 40002

1 100 999
20001

1 100 998
20002

1 100 997
20003

1 100 996
20004
