58
1 1000 547
65412

4 200 576
72530 72531 72532 72533
	
4 200 577
72523 72524 72525 72526

3 100 578
31111 31112 31113

1 100 579
71114

1 100 580
71115

1 100 581
71116

1 100 582
71117

1 100 426
23541

1 100 400
10012

1 100 401
10011

3 100 402
10013 10014 10015

3 100 403
10003 10004 10005

1 100 500
10017

1 100 501
10007

1 500 600
10017

1 500 601
10007

4 100 700
10104 10105 10106 10012

4 100 701
10101 10102 10103 10011

4 100 702
10650 10651 10652 10354

4 100 703
10653 10654 10655 10350

4 100 704
10656 10657 10658 10356

4 100 705
10659 10660 10661 10352

4 100 800
10204 10205 10206 10017

4 100 801
10201 10202 10203 10007

1 300 905
10301

1 300 906
10300

2 100 907
10350 10351

2 100 908
10354 10355

2 100 909
10352 10353

2 100 910
10356 10357

1 300 331
10350

1 300 332
10354

1 300 223
10352

1 300 224
10356

1 100 706
78888

4 300 152
11001 11002 11003 10011

4 300 153
11004 11005 11006 10012

4 100 710
30000 30001 30002 30006

4 100 711
30003 30004 30005 30006

4 100 712
30010 30011 30012 30006

4 100 713
30013 30014 30015 30006

4 100 714
30020 30021 30022 30006

4 100 715
30023 30024 30025 30006

2 100 901
40001 40002

1 100 765
44444

1 100 766
44442

1 100 767
44443

4 100 253
54320 54321 54322 54323

4 100 254
54323 54322 54321 54320

1 100 232
54400

1 100 233
54410

4 300 234
54401 54402 54401 54402

1 100 777
44441

1 100 778
44445

1 100 779
44344

1 100 780
44446

3 100 781
44446 44344 44445